

Meaning value of resistivity - VEZ number 2 

 257  312  126  186  158  146  119  98  84  65  46  38  26  31  14 

Resist interpolate and R-function

 0             257          1.000
 1             54.99        1.008
 2             141.76       .997
 3             225.69       .980
 4             291.2        .957
 5             310.07       .928
 6             233.01       .895
 7             118.82       .854
 8             192.24       .811
 9             190.38       .759
 10            152.22       .717
 11            143.53       .643
 12            129.14       .566
 13            111.51       .540
 14            94.86        .488
 15            79.35        .398
 16            56.22        .304
 17            43.79        .229
 18            35.29        .176
 19            24.72        .140
 20            14           .117
 21           -95.66        .101


 Variant 1 

Layer         Resist        Thickness
 1            229.89        0.34          0.00
 2            118.98        1.49          0.01
 3            23.78         0.13          0.22
 4            1.38

 Variant 2 

Layer         Resist        Thickness
 1            229.89        0.34          0.00
 2            118.98        1.04          0.01
 3            54.60         5.52          0.08
 4            -38.16        11.16         0.02
 5            16.21
