

Meaning value of resistivity - VEZ number 2 

 80  123  130  137  102  97  89  69  51 

Resist interpolate and R-function

 0             80           1.000
 1             106.22       1.054
 2             127.16       1.074
 3             134.37       1.083
 4             132.86       1.081
 5             136.24       1.059
 6             121.21       1.022
 7             96.92        .972
 8             96.05        .909
 9             91.51        .837
 10            83.67        .762
 11            65.93        .688
 12            54.08        .618
 13            51.47        .556
 14            37.21        .502
 15            34.85        .457
 16            30.44        .419
 17            29.72        .389
 18            28.43        .364
 19            27.92        .344


 Variant 1 

Layer         Resist        Thickness
 1            103.50        0.05          0.00
 2            117.42        0.51          0.02
 3            29.32


Meaning value of resistivity - VEZ number 3 

 263  245  226  218  195  171  177  185  230  242  250  203  110 

Resist interpolate and R-function

 0             263          1.000
 1             253.22       .983
 2             242.31       .952
 3             230.81       .915
 4             221.14       .874
 5             216.02       .830
 6             204.14       .796
 7             186.92       .777
 8             168.29       .777
 9             166.67       .791
 10            179.44       .826
 11            187.71       .879
 12            209.42       .903
 13            237.53       .883
 14            243.65       .834
 15            249.55       .774
 16            241.03       .715
 17            194.74       .663
 18            144.35       .618
 19            81.47        .581


 Variant 1 

Layer         Resist        Thickness
 1            252.28        0.24          0.00
 2            89.76         0.36          0.04
 3            523.89        1.35          0.01
 4            45.70
