test data			
1			
3			
170			
0			
0			
0.00	1.00	1.00000	44.65
0.00	1.00	2.00000	26.38
0.00	1.00	3.00000	30.14
0.00	1.00	4.00000	18.84
0.00	1.00	5.00000	39.56
0.00	1.00	6.00000	52.75
1.00	1.00	1.00000	33.91
1.00	1.00	2.00000	22.61
1.00	1.00	3.00000	13.19
1.00	1.00	4.00000	26.38
1.00	1.00	5.00000	32.97
1.00	1.00	6.00000	31.65
2.00	1.00	1.00000	26.19
2.00	1.00	2.00000	19.59
2.00	1.00	3.00000	15.07
2.00	1.00	4.00000	30.14
2.00	1.00	5.00000	39.56
2.00	1.00	6.00000	73.85
3.00	1.00	1.00000	16.39
3.00	1.00	2.00000	17.33
3.00	1.00	3.00000	20.72
3.00	1.00	4.00000	26.38
3.00	1.00	5.00000	46.16
3.00	1.00	6.00000	21.10
4.00	1.00	1.00000	46.16
4.00	1.00	2.00000	14.32
4.00	1.00	3.00000	16.96
4.00	1.00	4.00000	22.61
4.00	1.00	5.00000	26.38
4.00	1.00	6.00000	52.75
5.00	1.00	1.00000	10.74
5.00	1.00	2.00000	45.97
5.00	1.00	3.00000	30.14
5.00	1.00	4.00000	15.07
5.00	1.00	5.00000	26.38
5.00	1.00	6.00000	52.75
6.00	1.00	1.00000	14.51
6.00	1.00	2.00000	15.07
6.00	1.00	3.00000	15.07
6.00	1.00	4.00000	26.38
6.00	1.00	5.00000	39.56
6.00	1.00	6.00000	52.75
7.00	1.00	1.00000	13.75
7.00	1.00	2.00000	15.07
7.00	1.00	3.00000	11.30
7.00	1.00	4.00000	22.61
7.00	1.00	5.00000	6.59
7.00	1.00	6.00000	31.65
8.00	1.00	1.00000	11.49
8.00	1.00	2.00000	61.04
8.00	1.00	3.00000	24.49
8.00	1.00	4.00000	33.91
8.00	1.00	5.00000	26.38
8.00	1.00	6.00000	42.20
9.00	1.00	1.00000	11.49
9.00	1.00	2.00000	13.56
9.00	1.00	3.00000	13.19
9.00	1.00	4.00000	26.38
9.00	1.00	5.00000	26.38
9.00	1.00	6.00000	52.75
10.00	1.00	1.00000	13.00
10.00	1.00	2.00000	15.07
10.00	1.00	3.00000	24.49
10.00	1.00	4.00000	18.84
10.00	1.00	5.00000	39.56
10.00	1.00	6.00000	21.10
11.00	1.00	1.00000	15.26
11.00	1.00	2.00000	24.87
11.00	1.00	3.00000	20.72
11.00	1.00	4.00000	26.38
11.00	1.00	5.00000	6.59
11.00	1.00	6.00000	42.20
12.00	1.00	1.00000	36.36
12.00	1.00	2.00000	21.10
12.00	1.00	3.00000	24.49
12.00	1.00	4.00000	3.77
12.00	1.00	5.00000	39.56
12.00	1.00	6.00000	42.20
13.00	1.00	1.00000	28.07
13.00	1.00	2.00000	20.35
13.00	1.00	3.00000	16.96
13.00	1.00	4.00000	30.14
13.00	1.00	5.00000	6.59
14.00	1.00	1.00000	30.33
14.00	1.00	2.00000	24.12
14.00	1.00	3.00000	7.54
14.00	1.00	4.00000	30.14
15.00	1.00	1.00000	20.35
15.00	1.00	2.00000	23.36
15.00	1.00	3.00000	22.61
16.00	1.00	1.00000	39.75
16.00	1.00	2.00000	24.87
17.00	1.00	1.00000	56.33
0.00	3.00	1.00000	19.78
0.00	3.00	1.33333	25.40
0.00	3.00	1.66667	27.63
0.00	3.00	2.00000	36.17
0.00	3.00	2.33333	41.27
0.00	3.00	2.66667	47.28
0.00	3.00	3.00000	45.22
0.00	3.00	3.33333	72.57
0.00	3.00	3.66667	73.07
0.00	3.00	4.00000	22.61
0.00	3.00	4.33333	55.15
1.00	3.00	1.00000	19.22
1.00	3.00	1.33333	25.40
1.00	3.00	1.66667	36.84
1.00	3.00	2.00000	36.17
1.00	3.00	2.33333	44.45
1.00	3.00	2.66667	38.68
1.00	3.00	3.00000	344.77
1.00	3.00	3.33333	159.65
1.00	3.00	3.66667	36.54
1.00	3.00	4.00000	45.22
1.00	3.00	4.33333	13.79
2.00	3.00	1.00000	18.09
2.00	3.00	1.33333	24.42
2.00	3.00	1.66667	27.63
2.00	3.00	2.00000	29.39
2.00	3.00	2.33333	25.40
2.00	3.00	2.66667	30.09
2.00	3.00	3.00000	50.87
2.00	3.00	3.33333	21.77
2.00	3.00	3.66667	36.54
2.00	3.00	4.00000	22.61
3.00	3.00	1.00000	18.09
3.00	3.00	1.33333	21.49
3.00	3.00	1.66667	24.56
3.00	3.00	2.00000	22.61
3.00	3.00	2.33333	25.40
3.00	3.00	2.66667	42.98
3.00	3.00	3.00000	16.96
3.00	3.00	3.33333	29.03
3.00	3.00	3.66667	18.27
4.00	3.00	1.00000	17.52
4.00	3.00	1.33333	19.54
4.00	3.00	1.66667	21.49
4.00	3.00	2.00000	20.35
4.00	3.00	2.33333	34.92
4.00	3.00	2.66667	17.19
4.00	3.00	3.00000	22.61
4.00	3.00	3.33333	14.51
5.00	3.00	1.00000	13.00
5.00	3.00	1.33333	19.54
5.00	3.00	1.66667	19.96
5.00	3.00	2.00000	33.91
5.00	3.00	2.33333	12.70
5.00	3.00	2.66667	21.49
5.00	3.00	3.00000	16.96
6.00	3.00	1.00000	18.09
6.00	3.00	1.33333	21.49
6.00	3.00	1.66667	30.70
6.00	3.00	2.00000	13.56
6.00	3.00	2.33333	79.37
6.00	3.00	2.66667	17.19
7.00	3.00	1.00000	17.52
7.00	3.00	1.33333	12.70
7.00	3.00	1.66667	16.89
7.00	3.00	2.00000	20.35
7.00	3.00	2.33333	19.05
8.00	3.00	1.00000	21.48
8.00	3.00	1.33333	15.63
8.00	3.00	1.66667	16.89
8.00	3.00	2.00000	15.83
9.00	3.00	1.00000	15.26
9.00	3.00	1.33333	16.61
9.00	3.00	1.66667	16.89
10.00	3.00	1.00000	16.39
10.00	3.00	1.33333	6.84
11.00	3.00	1.00000	17.52
0.00			
0.00			
0.00			
0.00			
			
			
			
			
			
			
			
			
			
			
			
			
			
			
			
			
			
			
			
			
			
			
			
			
			
			
			
			
			
			
			
			
			
			
			
			
			
			
			
			
			
			
			
			
			
			
			
			
			
			
			
			
			
			
			
			
			
			
			
			
			
			
			
			
			
			
			
			
			
			
			
			
			
			
			
			
			
			
			
			
			
			
			
			
			
			
			
			
			
			
			
			
			
			
			
			
			
			
			
			
			
			
			
			
			
			
			
			
			
			
			
			
			
			
			
			
			
			
			
			
			
			
			
			
			
			
			
			
			
			
			
			
			
			
			
			
			
			
			
			
			
			
			
			
			
			
			
			
			
			
			
			
			
			
			
